t =

 Columns 1 through 7:

    0.00000    0.01000    0.02000    0.03000    0.04000    0.05000    0.06000

 Columns 8 through 14:

    0.07000    0.08000    0.09000    0.10000    0.11000    0.12000    0.13000

 Columns 15 through 21:

    0.14000    0.15000    0.16000    0.17000    0.18000    0.19000    0.20000

 Columns 22 through 28:

    0.21000    0.22000    0.23000    0.24000    0.25000    0.26000    0.27000

 Columns 29 through 35:

    0.28000    0.29000    0.30000    0.31000    0.32000    0.33000    0.34000

 Columns 36 through 42:

    0.35000    0.36000    0.37000    0.38000    0.39000    0.40000    0.41000

 Columns 43 through 49:

    0.42000    0.43000    0.44000    0.45000    0.46000    0.47000    0.48000

 Columns 50 through 56:

    0.49000    0.50000    0.51000    0.52000    0.53000    0.54000    0.55000

 Columns 57 through 63:

    0.56000    0.57000    0.58000    0.59000    0.60000    0.61000    0.62000

 Columns 64 through 70:

    0.63000    0.64000    0.65000    0.66000    0.67000    0.68000    0.69000

 Columns 71 through 77:

    0.70000    0.71000    0.72000    0.73000    0.74000    0.75000    0.76000

 Columns 78 through 84:

    0.77000    0.78000    0.79000    0.80000    0.81000    0.82000    0.83000

 Columns 85 through 91:

    0.84000    0.85000    0.86000    0.87000    0.88000    0.89000    0.90000

 Columns 92 through 98:

    0.91000    0.92000    0.93000    0.94000    0.95000    0.96000    0.97000

 Columns 99 through 105:

    0.98000    0.99000    1.00000    1.01000    1.02000    1.03000    1.04000

 Columns 106 through 112:

    1.05000    1.06000    1.07000    1.08000    1.09000    1.10000    1.11000

 Columns 113 through 119:

    1.12000    1.13000    1.14000    1.15000    1.16000    1.17000    1.18000

 Columns 120 through 126:

    1.19000    1.20000    1.21000    1.22000    1.23000    1.24000    1.25000

 Columns 127 through 133:

    1.26000    1.27000    1.28000    1.29000    1.30000    1.31000    1.32000

 Columns 134 through 140:

    1.33000    1.34000    1.35000    1.36000    1.37000    1.38000    1.39000

 Columns 141 through 147:

    1.40000    1.41000    1.42000    1.43000    1.44000    1.45000    1.46000

 Columns 148 through 154:

    1.47000    1.48000    1.49000    1.50000    1.51000    1.52000    1.53000

 Columns 155 through 161:

    1.54000    1.55000    1.56000    1.57000    1.58000    1.59000    1.60000

 Columns 162 through 168:

    1.61000    1.62000    1.63000    1.64000    1.65000    1.66000    1.67000

 Columns 169 through 175:

    1.68000    1.69000    1.70000    1.71000    1.72000    1.73000    1.74000

 Columns 176 through 182:

    1.75000    1.76000    1.77000    1.78000    1.79000    1.80000    1.81000

 Columns 183 through 189:

    1.82000    1.83000    1.84000    1.85000    1.86000    1.87000    1.88000

 Columns 190 through 196:

    1.89000    1.90000    1.91000    1.92000    1.93000    1.94000    1.95000

 Columns 197 through 203:

    1.96000    1.97000    1.98000    1.99000    2.00000    2.01000    2.02000

 Columns 204 through 210:

    2.03000    2.04000    2.05000    2.06000    2.07000    2.08000    2.09000

 Columns 211 through 217:

    2.10000    2.11000    2.12000    2.13000    2.14000    2.15000    2.16000

 Columns 218 through 224:

    2.17000    2.18000    2.19000    2.20000    2.21000    2.22000    2.23000

 Columns 225 through 231:

    2.24000    2.25000    2.26000    2.27000    2.28000    2.29000    2.30000

 Columns 232 through 238:

    2.31000    2.32000    2.33000    2.34000    2.35000    2.36000    2.37000

 Columns 239 through 245:

    2.38000    2.39000    2.40000    2.41000    2.42000    2.43000    2.44000

 Columns 246 through 252:

    2.45000    2.46000    2.47000    2.48000    2.49000    2.50000    2.51000

 Columns 253 through 259:

    2.52000    2.53000    2.54000    2.55000    2.56000    2.57000    2.58000

 Columns 260 through 266:

    2.59000    2.60000    2.61000    2.62000    2.63000    2.64000    2.65000

 Columns 267 through 273:

    2.66000    2.67000    2.68000    2.69000    2.70000    2.71000    2.72000

 Columns 274 through 280:

    2.73000    2.74000    2.75000    2.76000    2.77000    2.78000    2.79000

 Columns 281 through 287:

    2.80000    2.81000    2.82000    2.83000    2.84000    2.85000    2.86000

 Columns 288 through 294:

    2.87000    2.88000    2.89000    2.90000    2.91000    2.92000    2.93000

 Columns 295 through 301:

    2.94000    2.95000    2.96000    2.97000    2.98000    2.99000    3.00000

