Tempstotal =  26.400
Ttn =

    0.00000
    0.00500
    0.01000
    0.01500
    0.02000
    0.02500
    0.03000
    0.03500
    0.04000
    0.04500
    0.05000
    0.05500
    0.06000
    0.06500
    0.07000
    0.07500
    0.08000
    0.08500
    0.09000
    0.09500
    0.10000
    0.10500
    0.11000
    0.11500
    0.12000
    0.12500
    0.13000
    0.13500
    0.14000
    0.14500
    0.15000
    0.15500
    0.16000
    0.16500
    0.17000
    0.17500
    0.18000
    0.18500
    0.19000
    0.19500
    0.20000
    0.20500
    0.21000
    0.21500
    0.22000
    0.22500
    0.23000
    0.23500
    0.24000
    0.24500
    0.25000
    0.25500
    0.26000
    0.26500
    0.27000
    0.27500
    0.28000
    0.28500
    0.29000
    0.29500
    0.30000
    0.30500
    0.31000
    0.31500
    0.32000
    0.32500
    0.33000
    0.33500
    0.34000
    0.34500
    0.35000
    0.35500
    0.36000
    0.36500
    0.37000
    0.37500
    0.38000
    0.38500
    0.39000
    0.39500
    0.40000
    0.40500
    0.41000
    0.41500
    0.42000
    0.42500
    0.43000
    0.43500
    0.44000
    0.44500
    0.45000
    0.45500
    0.46000
    0.46500
    0.47000
    0.47500
    0.48000
    0.48500
    0.49000
    0.49500
    0.50000
    0.50500
    0.51000
    0.51500
    0.52000
    0.52500
    0.53000
    0.53500
    0.54000
    0.54500
    0.55000
    0.55500
    0.56000
    0.56500
    0.57000
    0.57500
    0.58000
    0.58500
    0.59000
    0.59500
    0.60000
    0.60500
    0.61000
    0.61500
    0.62000
    0.62500
    0.63000
    0.63500
    0.64000
    0.64500
    0.65000
    0.65500
    0.66000
    0.66500
    0.67000
    0.67500
    0.68000
    0.68500
    0.69000
    0.69500
    0.70000
    0.70500
    0.71000
    0.71500
    0.72000
    0.72500
    0.73000
    0.73500
    0.74000
    0.74500
    0.75000
    0.75500
    0.76000
    0.76500
    0.77000
    0.77500
    0.78000
    0.78500
    0.79000
    0.79500
    0.80000
    0.80500
    0.81000
    0.81500
    0.82000
    0.82500
    0.83000
    0.83500
    0.84000
    0.84500
    0.85000
    0.85500
    0.86000
    0.86500
    0.87000
    0.87500
    0.88000
    0.88500
    0.89000
    0.89500
    0.90000
    0.90500
    0.91000
    0.91500
    0.92000
    0.92500
    0.93000
    0.93500
    0.94000
    0.94500
    0.95000
    0.95500
    0.96000
    0.96500
    0.97000
    0.97500
    0.98000
    0.98500
    0.99000
    0.99500
    1.00000
    1.00500
    1.01000
    1.01500
    1.02000
    1.02500
    1.03000
    1.03500
    1.04000
    1.04500
    1.05000
    1.05500
    1.06000
    1.06500
    1.07000
    1.07500
    1.08000
    1.08500
    1.09000
    1.09500
    1.10000
    1.10500
    1.11000
    1.11500
    1.12000
    1.12500
    1.13000
    1.13500
    1.14000
    1.14500
    1.15000
    1.15500
    1.16000
    1.16500
    1.17000
    1.17500
    1.18000
    1.18500
    1.19000
    1.19500
    1.20000
    1.20500
    1.21000
    1.21500
    1.22000
    1.22500
    1.23000
    1.23500
    1.24000
    1.24500
    1.25000
    1.25500
    1.26000
    1.26500
    1.27000
    1.27500
    1.28000
    1.28500
    1.29000
    1.29500
    1.30000
    1.30500
    1.31000
    1.31500
    1.32000
    1.32500
    1.33000
    1.33500
    1.34000
    1.34500
    1.35000
    1.35500
    1.36000
    1.36500
    1.37000
    1.37500
    1.38000
    1.38500
    1.39000
    1.39500
    1.40000
    1.40500
    1.41000
    1.41500
    1.42000
    1.42500
    1.43000
    1.43500
    1.44000
    1.44500
    1.45000
    1.45500
    1.46000
    1.46500
    1.47000
    1.47500
    1.48000
    1.48500
    1.49000
    1.49500
    1.50000
    1.50500
    1.51000
    1.51500
    1.52000
    1.52500
    1.53000
    1.53500
    1.54000
    1.54500
    1.55000
    1.55500
    1.56000
    1.56500
    1.57000
    1.57500
    1.58000
    1.58500
    1.59000
    1.59500
    1.60000
    1.60500
    1.61000
    1.61500
    1.62000
    1.62500
    1.63000
    1.63500
    1.64000
    1.64500
    1.65000
    1.65500
    1.66000
    1.66500
    1.67000
    1.67500
    1.68000
    1.68500
    1.69000
    1.69500
    1.70000
    1.70500
    1.71000
    1.71500
    1.72000
    1.72500
    1.73000
    1.73500
    1.74000
    1.74500
    1.75000
    1.75500
    1.76000
    1.76500
    1.77000
    1.77500
    1.78000
    1.78500
    1.79000
    1.79500
    1.80000
    1.80500
    1.81000
    1.81500
    1.82000
    1.82500
    1.83000
    1.83500
    1.84000
    1.84500
    1.85000
    1.85500
    1.86000
    1.86500
    1.87000
    1.87500
    1.88000
    1.88500
    1.89000
    1.89500
    1.90000
    1.90500
    1.91000
    1.91500
    1.92000
    1.92500
    1.93000
    1.93500
    1.94000
    1.94500
    1.95000
    1.95500
    1.96000
    1.96500
    1.97000
    1.97500
    1.98000
    1.98500
    1.99000
    1.99500
    2.00000
    2.00500
    2.01000
    2.01500
    2.02000
    2.02500
    2.03000
    2.03500
    2.04000
    2.04500
    2.05000
    2.05500
    2.06000
    2.06500
    2.07000
    2.07500
    2.08000
    2.08500
    2.09000
    2.09500
    2.10000
    2.10500
    2.11000
    2.11500
    2.12000
    2.12500
    2.13000
    2.13500
    2.14000
    2.14500
    2.15000
    2.15500
    2.16000
    2.16500
    2.17000
    2.17500
    2.18000
    2.18500
    2.19000
    2.19500
    2.20000
    2.20500
    2.21000
    2.21500
    2.22000
    2.22500
    2.23000
    2.23500
    2.24000
    2.24500
    2.25000
    2.25500
    2.26000
    2.26500
    2.27000
    2.27500
    2.28000
    2.28500
    2.29000
    2.29500
    2.30000
    2.30500
    2.31000
    2.31500
    2.32000
    2.32500
    2.33000
    2.33500
    2.34000
    2.34500
    2.35000
    2.35500
    2.36000
    2.36500
    2.37000
    2.37500
    2.38000
    2.38500
    2.39000
    2.39500
    2.40000
    2.40500
    2.41000
    2.41500
    2.42000
    2.42500
    2.43000
    2.43500
    2.44000
    2.44500
    2.45000
    2.45500
    2.46000
    2.46500
    2.47000
    2.47500
    2.48000
    2.48500
    2.49000
    2.49500
    2.50000
    2.50500
    2.51000
    2.51500
    2.52000
    2.52500
    2.53000
    2.53500
    2.54000
    2.54500
    2.55000
    2.55500
    2.56000
    2.56500
    2.57000
    2.57500
    2.58000
    2.58500
    2.59000
    2.59500
    2.60000
    2.60500
    2.61000
    2.61500
    2.62000
    2.62500
    2.63000
    2.63500
    2.64000
    2.64500
    2.65000
    2.65500
    2.66000
    2.66500
    2.67000
    2.67500
    2.68000
    2.68500
    2.69000
    2.69500
    2.70000
    2.70500
    2.71000
    2.71500
    2.72000
    2.72500
    2.73000
    2.73500
    2.74000
    2.74500
    2.75000
    2.75500
    2.76000
    2.76500
    2.77000
    2.77500
    2.78000
    2.78500
    2.79000
    2.79500
    2.80000
    2.80500
    2.81000
    2.81500
    2.82000
    2.82500
    2.83000
    2.83500
    2.84000
    2.84500
    2.85000
    2.85500
    2.86000
    2.86500
    2.87000
    2.87500
    2.88000
    2.88500
    2.89000
    2.89500
    2.90000
    2.90500
    2.91000
    2.91500
    2.92000
    2.92500
    2.93000
    2.93500
    2.94000
    2.94500
    2.95000
    2.95500
    2.96000
    2.96500
    2.97000
    2.97500
    2.98000
    2.98500
    2.99000
    2.99500
    3.00000
    3.00500
    3.01000
    3.01500
    3.02000
    3.02500
    3.03000
    3.03500
    3.04000
    3.04500
    3.05000
    3.05500
    3.06000
    3.06500
    3.07000
    3.07500
    3.08000
    3.08500
    3.09000
    3.09500
    3.10000
    3.10500
    3.11000
    3.11500
    3.12000
    3.12500
    3.13000
    3.13500
    3.14000
    3.14500
    3.15000
    3.15500
    3.16000
    3.16500
    3.17000
    3.17500
    3.18000
    3.18500
    3.19000
    3.19500
    3.20000
    3.20500
    3.21000
    3.21500
    3.22000
    3.22500
    3.23000
    3.23500
    3.24000
    3.24500
    3.25000
    3.25500
    3.26000
    3.26500
    3.27000
    3.27500
    3.28000
    3.28500
    3.29000
    3.29500
    3.30000
    3.30500
    3.31000
    3.31500
