<?xml version="1.0"?>
<opencv_storage>
<calibration_Time>"03/08/13 13:55:07"</calibration_Time>
<nrOfFrames>25</nrOfFrames>
<image_Width>640</image_Width>
<image_Height>480</image_Height>
<board_Width>9</board_Width>
<board_Height>6</board_Height>
<square_Size>50.</square_Size>
<FixAspectRatio>1.</FixAspectRatio>
<!-- flags:  +fix_aspectRatio +fix_principal_point +zero_tangent_dist -->
<flagValue>14</flagValue>
<Camera_Matrix type_id="opencv-matrix">
  <rows>3</rows>
  <cols>3</cols>
  <dt>d</dt>
  <data>
    5.5935334058442243e+002 0. 3.1950000000000000e+002 0.
    5.5935334058442243e+002 2.3950000000000000e+002 0. 0. 1.</data></Camera_Matrix>
<Distortion_Coefficients type_id="opencv-matrix">
  <rows>5</rows>
  <cols>1</cols>
  <dt>d</dt>
  <data>
    -1.0969890979475771e-002 -3.5533053619078281e-001 0. 0.
    5.8803096327402438e-001</data></Distortion_Coefficients>
<Avg_Reprojection_Error>5.1327757711464383e-001</Avg_Reprojection_Error>
<Per_View_Reprojection_Errors type_id="opencv-matrix">
  <rows>25</rows>
  <cols>1</cols>
  <dt>f</dt>
  <data>
    4.05038148e-001 4.68253195e-001 4.60222036e-001 4.55222577e-001
    4.56094831e-001 4.80680943e-001 4.67542082e-001 5.01036644e-001
    5.15363693e-001 3.56384158e-001 3.89883697e-001 4.02270824e-001
    4.36146945e-001 4.86596614e-001 4.71322805e-001 4.69406277e-001
    3.66853148e-001 4.22627985e-001 7.56187737e-001 8.77571106e-001
    6.98811173e-001 5.16611576e-001 6.81884825e-001 4.90359604e-001
    4.28449303e-001</data></Per_View_Reprojection_Errors>
<!-- a set of 6-tuples (rotation vector + translation vector) for each view -->
<Extrinsic_Parameters type_id="opencv-matrix">
  <rows>25</rows>
  <cols>6</cols>
  <dt>d</dt>
  <data>
    -3.1611643418047869e-002 4.3244990501706403e-002
    -2.0397919875603569e-002 -2.1140250626579345e+002
    -5.7527682954182644e+001 7.9757959283885373e+002
    -3.5364110443432871e-002 2.4811732464932481e-002
    -2.1735207924466912e-002 -2.1500732029759234e+002
    -5.8641479673397356e+001 7.9457878140562764e+002
    -6.7737525032085886e-003 9.8424334889248011e-003
    -1.8300734125274259e-002 -2.1328414597137714e+002
    -5.9557184683587060e+001 7.8373187120887542e+002
    -2.7644682609713898e-002 1.3857300839195950e-002
    -1.9270869570113858e-002 -2.1255778732750679e+002
    -5.9063442539753282e+001 7.8486280622277945e+002
    -1.0674580774805412e-002 9.0874646097254021e-003
    -1.7623161430868665e-002 -2.1275855231664272e+002
    -5.8701949383569925e+001 7.8246929662120783e+002
    -2.6495300741580238e-002 9.3034445591344325e-003
    -1.9342370782750858e-002 -2.1241074609071131e+002
    -5.7502616872980859e+001 7.8469573726401882e+002
    -1.7541060429651197e-002 7.9033637047132479e-003
    -1.8704514658101648e-002 -2.1204239742911145e+002
    -5.7242049030408197e+001 7.8377418822212769e+002
    -2.3131584256224497e-002 2.5870334434011759e-003
    -1.7522145270652059e-002 -2.1189641154692924e+002
    -5.8140786555881114e+001 7.8287620038694013e+002
    -2.0258118516527118e-002 -2.6101736810502057e-003
    -1.2859784717773203e-002 -2.0916182196913206e+002
    -5.9289104244002182e+001 7.8092477205451701e+002
    -1.8026179720522673e-002 5.0990693529593886e-003
    -5.7105796520640186e-003 -2.0294636591170291e+002
    -5.7587522446115202e+001 7.8323113434690913e+002
    -2.0874648711849218e-002 2.4344214304316162e-002
    7.7238962196867090e-003 -1.8819183873314358e+002
    -6.2894326887067642e+001 7.9298866374818772e+002
    -1.2622546833713340e-002 7.1601197760579854e-002
    1.8159570455495305e-002 -1.7219282076219162e+002
    -6.3753338595819372e+001 8.0751382264662107e+002
    -1.6198038232650550e-002 8.8944052268162668e-002
    2.4155946702785612e-002 -1.4091552432360331e+002
    -6.0896812116134861e+001 8.0765230277416561e+002
    -4.0684435755873646e-002 1.3732427842492168e-001
    4.3883190250858170e-002 -9.5388843978183317e+001
    -5.9246944839183605e+001 8.2347663921544722e+002
    -1.6366966076575930e-002 1.6111191229140026e-001
    5.3973731528967686e-002 -6.5890267826318464e+001
    -5.7551644369896025e+001 8.3421744588023751e+002
    -3.3610146995904089e-002 1.8508667741153045e-001
    7.9577771768587990e-002 -2.7616835711659075e+001
    -5.6731073124761295e+001 8.3844422183784548e+002
    -4.6796187266808766e-002 2.5778958546951641e-001
    9.2296114454098743e-002 2.9587010732940162e+000
    -4.5516397844219966e+001 8.4734177399065300e+002
    -8.9538919284134141e-002 4.0967401435941803e-001
    7.1489815877968474e-002 3.2065703925187670e+001
    -4.1037522936779503e+001 9.0402320207876949e+002
    -2.6200256314322368e-001 5.7418520753487756e-001
    1.0177253663963323e-001 5.4359224036598810e+001
    -3.5689977868439144e+001 9.7644512001730811e+002
    -2.2774448175303982e-001 5.9817689166273480e-001
    9.9008945296977333e-002 6.6953058620519315e+001
    -4.4823705700759234e+001 1.0200335995979303e+003
    -1.7894392985848406e-001 5.5688934005884616e-001
    8.6290491583815881e-002 7.4068609443749409e+001
    -4.9917658859207187e+001 1.0320734241601810e+003
    -1.6841195130643399e-001 5.1437335077602597e-001
    7.0638986368961099e-002 6.8533978400520326e+001
    -5.3643336485062662e+001 1.0510058868685628e+003
    -2.2011566175356514e-001 5.1009839782942279e-001
    7.7457921369901483e-002 6.9524594765828411e+001
    -5.2714250038394169e+001 1.0840193340424260e+003
    -1.8603422963392838e-001 3.8281128546932053e-001
    4.5699543798273887e-002 1.1364691867427462e+001
    -4.3103416210045367e+001 1.0793199894066822e+003
    2.6325532021304637e-002 1.6445377494921207e-001
    4.0033523896428266e-002 -4.7667578623273798e+001
    -3.5126974865560193e+001 1.0375679819841080e+003</data></Extrinsic_Parameters>
