function [Tf, FixedFoot, RightFootPos, LeftFootPos, PelvisPos, TRightPos, TLeftPos, TPelvisPos] = MouvementCurve()
Tf = [0.3;1;0.3;1;0.3;1;0.3;1;0.3;1;0.3;1;0.3;1;0.3;1;3;3];
FixedFoot = [1;1;1;1;1;1;1;1;1;1;1;1;0;0;0;0;0;0];

RightFootPos = [ 0.037,0,0
                 0.037,0,0
                 0.037,0,0
                 0.037,0,0
                 0.043,0,0.04
                 0.043,0,0.04
                 0.043,0.06,0.04
                 0.043,0.06,0.04
                 0.043,0.06,0
                 0.043,0.06,0
                 0.043,0.06,0
                 0.043,0.06,0
                 0.043,0.06,0
                 0.043,0.06,0
                 0.043,0.06,0
                 0.043,0.06,0
                 0.043,0.06,0
                 0.043,0.06,0
                 0.043,0,0 ];

LeftFootPos = [ -0.037,0,0
                -0.037,0,0
                -0.037,0,0
                -0.037,0,0
                -0.037,0,0
                -0.037,0,0
                -0.037,0,0
                -0.037,0,0
                -0.037,0,0
                -0.037,0,0
                -0.037,0,0
                -0.037,0,0
                -0.043,0,0.04
                -0.043,0,0.04
                -0.043,0.12,0.04
                -0.043,0.12,0.04
                -0.031,0.12,0
                -0.031,0.12,0
                -0.031,0,0 ];

PelvisPos =   [  0.0,0,0.27
                 0.0,0,0.27
                 -0.06,0.02,0.27
                 -0.06,0.02,0.27
                 -0.06,0.02,0.27
                 -0.06,0.02,0.27
                 -0.06,0.02,0.27
                 -0.06,0.02,0.27
                 -0.06,0.02,0.27
                 -0.06,0.02,0.27
                 0.06,0.08,0.27
                 0.06,0.08,0.27
                 0.06,0.08,0.27
                 0.06,0.08,0.27
                 0.06,0.08,0.27
                 0.06,0.08,0.27
                 0.06,0.08,0.27
                 0.06,0.08,0.27
                 0,0,0.27 ];

TRightPos = [   0,0,0 
                0,0,0
                0,0,0
                0,0,0
                0,-0.06,0
                0,-0.06,0
                0,-0.06,0
                0,-0.06,0
                0,-0.06,-0.2
                0,-0.06,-0.2
                0,0,-0.20
                0,0,-0.20
                0,0,-0.20
                0,0,-0.20
                0,0,-0.20
                0,0,-0.20
                0,0,-0.20
                0,0,-0.20
                0,0,-0.20 ];

TLeftPos = [    0,0,0 
                0,0,0
                0,0,0
                0,0,0
                0,0,0
                0,0,0
                0,0,0
                0,0,0
                0,0,0
                0,0,0
                0,0,0
                0,0,0
                0,0.06,0
                0,0.06,0
                0,0.06,0
                0,0.06,0
                0,0.06,-0.40
                0,0.06,-0.40
                0,0,-0.40 ];

TPelvisPos = [   0,0,0 
                 0,0,0
                 0,0,0
                 0,0,0
                 -0.03,-0.17,0
                 -0.03,-0.17,0
                 -0.03,-0.17,0
                 -0.03,-0.17,0
                 -0.03,-0.17,-0.20
                 -0.03,-0.17,-0.20
                 0,0,-0.20
                 0,0,-0.20
                 0.03,0.17,-0.20
                 0.03,0.17,-0.20
                 0.03,0.17,-0.20
                 0.03,0.17,-0.20
                 0.03,0.17,-0.20
                 0.03,0.17,-0.20
                 0,0,-0.20 ];
end
    


